# This file uses centimeters as units for non-parametric coordinates.

mtllib some.mtl
g default
v 2.44642 0.495972 0.10713
v 2.44641 0.52531 0.10712
v 2.44642 0.495977 0.10894
v 2.44345 0.525316 0.10712
v 2.44346 0.495975 0.10712
v 2.39718 0.494352 0.10714
v 2.39717 0.525303 0.10714
v 2.39495 0.525311 0.10712
v 2.39496 0.494351 0.10713
v 2.39494 0.525314 0.10893
v 2.39496 0.494347 0.10895
v 2.39496 0.525299 0.11076
v 2.39496 0.494355 0.11076
v 2.39717 0.525304 0.11075
v 2.39716 0.494364 0.11075
v 2.44345 0.495985 0.11074
v 2.44346 0.525314 0.11074
v 2.44642 0.525308 0.11075
v 2.44643 0.495966 0.11075
v 2.44642 0.525304 0.10894
v 2.44642 0.495972 -0.14821
v 2.44642 0.495977 -0.15001
v 2.44641 0.52531 -0.1482
v 2.44346 0.495975 -0.1482
v 2.44345 0.525316 -0.1482
v 2.39718 0.494352 -0.14821
v 2.39717 0.525303 -0.14821
v 2.39495 0.525311 -0.1482
v 2.39496 0.494351 -0.14821
v 2.39496 0.494347 -0.15003
v 2.39716 0.494364 -0.15182
v 2.39496 0.494355 -0.15183
v 2.39717 0.525304 -0.15183
v 2.44345 0.495985 -0.15182
v 2.44346 0.525314 -0.15182
v 2.44642 0.525308 -0.15183
v 2.44643 0.495966 -0.15183
v 2.44642 0.525304 -0.15002
v 2.39496 0.525299 -0.15184
v 2.39494 0.525314 -0.15001
v 2.25193 0.316357 0.14994
v 2.25263 0.315076 0.15004
v 2.24545 0.312601 0.14718
v 2.25532 0.317115 0.15728
v 2.25461 0.318363 0.15719
v 2.25263 0.316219 0.16475
v 2.25193 0.317516 0.16464
v 2.24615 0.31296 0.16808
v 2.24545 0.314237 0.16798
v 2.23967 0.309232 0.1653
v 2.23896 0.310484 0.16521
v 2.23699 0.307176 0.15808
v 2.23629 0.308459 0.15797
v 2.23967 0.308058 0.1506
v 2.23897 0.309325 0.1505
v 2.24615 0.311313 0.14728
v 2.25062 0.314161 0.1524
v 2.25247 0.315558 0.15741
v 2.25063 0.314966 0.16256
v 2.24615 0.312722 0.16484
v 2.24167 0.310133 0.16294
v 2.23982 0.308709 0.15794
v 2.24167 0.309316 0.1528
v 2.24615 0.311554 0.1505
v 2.25201 0.310859 0.15304
v 2.25374 0.312188 0.15766
v 2.25202 0.311605 0.16246
v 2.24787 0.309529 0.16458
v 2.24371 0.307114 0.16281
v 2.24199 0.305811 0.15818
v 2.24371 0.306386 0.15339
v 2.24786 0.308469 0.15126
v 2.24853 0.307774 0.15802
v 2.25263 0.315076 -0.19112
v 2.24545 0.312601 -0.18826
v 2.24615 0.311313 -0.18836
v 2.25193 0.316357 -0.19101
v 2.25532 0.317115 -0.19836
v 2.25247 0.315558 -0.19849
v 2.25063 0.314966 -0.20364
v 2.25263 0.316219 -0.20583
v 2.24615 0.312722 -0.20592
v 2.24615 0.31296 -0.20916
v 2.24167 0.310133 -0.20401
v 2.23967 0.309232 -0.20638
v 2.23982 0.308709 -0.19902
v 2.23699 0.307176 -0.19915
v 2.24167 0.309316 -0.19388
v 2.23967 0.308058 -0.19168
v 2.24615 0.311554 -0.19158
v 2.24786 0.308469 -0.19233
v 2.25201 0.310859 -0.19412
v 2.25062 0.314161 -0.19348
v 2.25374 0.312188 -0.19874
v 2.25202 0.311605 -0.20354
v 2.24787 0.309529 -0.20566
v 2.24371 0.307114 -0.20389
v 2.24199 0.305811 -0.19925
v 2.24371 0.306386 -0.19447
v 2.24853 0.307774 -0.1991
v 2.23897 0.309325 -0.19157
v 2.23629 0.308459 -0.19905
v 2.23896 0.310484 -0.20629
v 2.24545 0.314237 -0.20906
v 2.25193 0.317516 -0.20572
v 2.25461 0.318363 -0.19827
v 2.4633 0.439166 -0.0644601
v 2.50514 0.46837 -0.0307
v 2.46095 0.43573 -0.0555502
v 2.50552 0.468958 -0.0356002
v 2.50552 0.468959 -0.12112
v 2.4633 0.439166 -0.0934402
v 2.50514 0.46837 -0.12603
v 2.50399 0.466609 -0.12953
v 2.46096 0.435732 -0.10235
v 2.50208 0.463666 -0.13163
v 2.45748 0.430638 -0.10693
v 2.4994 0.459554 -0.13233
v 2.47791 0.426498 -0.13233
v 2.45332 0.424534 -0.10846
v 2.45643 0.393446 -0.13233
v 2.44916 0.418426 -0.10693
v 2.45375 0.389331 -0.13164
v 2.4549 0.391187 -0.13534
v 2.45222 0.387072 -0.13464
v 2.45184 0.386393 -0.12953
v 2.4503 0.384138 -0.13254
v 2.45069 0.384631 -0.12602
v 2.44916 0.382375 -0.12903
v 2.45031 0.384041 -0.12112
v 2.44877 0.381785 -0.12412
v 2.44878 0.381784 -0.0326
v 2.45031 0.384046 -0.0356002
v 2.45069 0.384629 -0.0307
v 2.44915 0.382378 -0.02769
v 2.44712 0.38179 -0.0326
v 2.44713 0.381788 -0.12412
v 2.44748 0.38239 -0.12903
v 2.44854 0.384203 -0.13253
v 2.45039 0.387213 -0.13464
v 2.45308 0.391404 -0.13534
v 2.476 0.426571 -0.13534
v 2.47791 0.426501 -0.13534
v 2.49892 0.461737 -0.13534
v 2.50093 0.461813 -0.13534
v 2.50168 0.465889 -0.13464
v 2.50361 0.465927 -0.13464
v 2.50373 0.468848 -0.13254
v 2.50553 0.468862 -0.13254
v 2.50499 0.470622 -0.12903
v 2.50667 0.470625 -0.12903
v 2.50541 0.471212 -0.12412
v 2.50706 0.471214 -0.12413
v 2.50541 0.471213 -0.0326
v 2.50705 0.471211 -0.0326
v 2.50499 0.470622 -0.02769
v 2.50667 0.470626 -0.02769
v 2.50373 0.468847 -0.0241802
v 2.50552 0.468862 -0.0241802
v 2.50168 0.465885 -0.02208
v 2.43449 0.464899 -0.02208
v 2.49892 0.461738 -0.0213799
v 2.43442 0.459992 -0.0213799
v 2.43392 0.426509 -0.0213799
v 2.476 0.42653 -0.0213799
v 2.47792 0.42651 -0.0213799
v 2.50093 0.461812 -0.0213799
v 2.50361 0.465926 -0.02208
v 2.50399 0.466604 -0.0271902
v 2.50208 0.463667 -0.0250899
v 2.4994 0.459551 -0.0243902
v 2.47792 0.426511 -0.0243801
v 2.45643 0.393448 -0.0243902
v 2.4549 0.391189 -0.0213799
v 2.45308 0.391406 -0.0213799
v 2.45039 0.387211 -0.02208
v 2.45222 0.387074 -0.02208
v 2.44853 0.384205 -0.0241802
v 2.4503 0.384137 -0.0241802
v 2.44748 0.382391 -0.02769
v 2.43327 0.38249 -0.02769
v 2.43326 0.381787 -0.0326
v 2.43326 0.381787 -0.12412
v 2.43328 0.382487 -0.12903
v 2.4333 0.384595 -0.13253
v 2.43336 0.388098 -0.13464
v 2.43343 0.393004 -0.13534
v 2.43393 0.4265 -0.13535
v 2.43442 0.459995 -0.13535
v 2.43449 0.464903 -0.13464
v 2.43455 0.468407 -0.13254
v 2.43458 0.470511 -0.12903
v 2.43459 0.471213 -0.12413
v 2.43459 0.471212 -0.0326
v 2.43458 0.470511 -0.02769
v 2.43455 0.468404 -0.0241802
v 2.4333 0.384595 -0.0241802
v 2.43336 0.388098 -0.02208
v 2.43343 0.393006 -0.0213799
v 2.45184 0.386392 -0.0271902
v 2.45375 0.389332 -0.0250899
v 2.44916 0.418425 -0.0509801
v 2.45332 0.424532 -0.04945
v 2.45748 0.430639 -0.0509701
v 2.43508 0.43573 -0.0555502
v 2.43508 0.439166 -0.06445
v 2.43509 0.439167 -0.0934402
v 2.43508 0.435732 -0.10235
v 2.43507 0.43064 -0.10692
v 2.43506 0.424531 -0.10845
v 2.43505 0.418425 -0.10692
v 2.43505 0.413335 -0.10235
v 2.44568 0.413335 -0.10235
v 2.44334 0.409898 -0.0934402
v 2.43504 0.409899 -0.0934402
v 2.43504 0.409898 -0.0644601
v 2.44334 0.409899 -0.0644601
v 2.43505 0.413335 -0.0555502
v 2.44568 0.413336 -0.0555502
v 2.43505 0.418426 -0.0509701
v 2.43506 0.424532 -0.0494399
v 2.43507 0.430639 -0.0509701
v 2.44334 0.409898 0.0523701
v 2.45031 0.384046 -0.00547997
v 2.44334 0.409899 0.0233799
v 2.45031 0.384041 0.0800401
v 2.45069 0.384631 0.08494
v 2.44568 0.413335 0.0612699
v 2.45184 0.386393 0.0884498
v 2.44916 0.418426 0.06585
v 2.45375 0.389331 0.0905601
v 2.45643 0.393446 0.0912598
v 2.45332 0.424534 0.0673798
v 2.47791 0.426498 0.0912501
v 2.45748 0.430638 0.06585
v 2.4994 0.459554 0.0912501
v 2.50208 0.463666 0.0905601
v 2.46096 0.435732 0.0612699
v 2.50399 0.466609 0.0884498
v 2.50553 0.468862 0.09146
v 2.50667 0.470625 0.0879499
v 2.50514 0.46837 0.08495
v 2.50706 0.471214 0.08305
v 2.50552 0.468959 0.0800401
v 2.50552 0.468958 -0.0054702
v 2.50705 0.471211 -0.00848015
v 2.50667 0.470626 -0.0133901
v 2.50514 0.46837 -0.0103802
v 2.50552 0.468862 -0.0168999
v 2.50399 0.466604 -0.01389
v 2.50361 0.465926 -0.0190002
v 2.50208 0.463667 -0.0159902
v 2.50093 0.461812 -0.0196999
v 2.4994 0.459551 -0.01669
v 2.47792 0.42651 -0.0196999
v 2.47792 0.426511 -0.01669
v 2.45643 0.393448 -0.01669
v 2.4549 0.391189 -0.0196999
v 2.45222 0.387074 -0.0190002
v 2.45375 0.389332 -0.0159902
v 2.4503 0.384137 -0.0168902
v 2.45184 0.386392 -0.01389
v 2.44915 0.382378 -0.0133901
v 2.45069 0.384629 -0.0103802
v 2.44878 0.381784 -0.00848015
v 2.44877 0.381785 0.08305
v 2.44712 0.38179 -0.00848015
v 2.44713 0.381788 0.0830399
v 2.44748 0.38239 0.08796
v 2.44916 0.382375 0.0879499
v 2.44854 0.384203 0.09145
v 2.4503 0.384138 0.09146
v 2.45039 0.387213 0.0935599
v 2.45222 0.387072 0.0935599
v 2.45308 0.391404 0.09426
v 2.4549 0.391187 0.0942698
v 2.476 0.426571 0.09426
v 2.47791 0.426501 0.09426
v 2.49892 0.461737 0.09426
v 2.50093 0.461813 0.09426
v 2.50168 0.465889 0.09357
v 2.50361 0.465927 0.0935599
v 2.50373 0.468848 0.09146
v 2.50499 0.470622 0.08796
v 2.50541 0.471212 0.0830399
v 2.50541 0.471213 -0.00848015
v 2.50499 0.470622 -0.0133901
v 2.50373 0.468847 -0.0168902
v 2.50168 0.465885 -0.0190002
v 2.49892 0.461738 -0.0196999
v 2.476 0.42653 -0.0196999
v 2.45308 0.391406 -0.0196999
v 2.45039 0.387211 -0.0190002
v 2.44853 0.384205 -0.0168902
v 2.44748 0.382391 -0.0133901
v 2.43327 0.38249 -0.0133901
v 2.43326 0.381787 -0.00848015
v 2.43326 0.381787 0.08305
v 2.43328 0.382487 0.0879499
v 2.4333 0.384595 0.09145
v 2.43336 0.388098 0.0935599
v 2.43343 0.393004 0.09426
v 2.43393 0.4265 0.0942698
v 2.43442 0.459995 0.0942698
v 2.43449 0.464903 0.0935599
v 2.43455 0.468407 0.09146
v 2.43458 0.470511 0.0879499
v 2.43459 0.471213 0.08305
v 2.43459 0.471212 -0.00848015
v 2.43458 0.470511 -0.0133901
v 2.43455 0.468404 -0.0168902
v 2.43449 0.464899 -0.0190002
v 2.43442 0.459992 -0.0196999
v 2.43392 0.426509 -0.0196999
v 2.43343 0.393006 -0.0196999
v 2.43336 0.388098 -0.0190002
v 2.4333 0.384595 -0.0168902
v 2.44568 0.413336 0.01447
v 2.44916 0.418425 0.00989998
v 2.45332 0.424532 0.00836983
v 2.45748 0.430639 0.00989998
v 2.46095 0.43573 0.0144801
v 2.4633 0.439166 0.0233799
v 2.4633 0.439166 0.05236
v 2.43508 0.435732 0.0612699
v 2.43509 0.439167 0.0523701
v 2.43508 0.439166 0.0233799
v 2.43508 0.43573 0.0144801
v 2.43507 0.430639 0.00988991
v 2.43506 0.424532 0.00836983
v 2.43505 0.418426 0.00988991
v 2.43505 0.413335 0.01447
v 2.43504 0.409898 0.0233799
v 2.43504 0.409899 0.05236
v 2.43505 0.413335 0.0612699
v 2.43505 0.418425 0.06585
v 2.43506 0.424531 0.0673701
v 2.43507 0.43064 0.06585
v 2.48566 0.435211 -0.21191
v 2.45748 0.430642 -0.19421
v 2.47997 0.426833 -0.21292
v 2.49006 0.441922 -0.21024
v 2.49362 0.447689 -0.20756
v 2.46096 0.435728 -0.19071
v 2.49679 0.452649 -0.2031
v 2.49941 0.456884 -0.1981
v 2.5021 0.462083 -0.19192
v 2.4633 0.439166 -0.18417
v 2.50422 0.466324 -0.18696
v 2.5052 0.468372 -0.18434
v 2.50552 0.468959 -0.18168
v 2.4633 0.439165 -0.16355
v 2.50552 0.468958 -0.15052
v 2.50514 0.46837 -0.14561
v 2.46095 0.435731 -0.157
v 2.43485 0.435732 -0.157
v 2.43486 0.439167 -0.16355
v 2.43486 0.439168 -0.18417
v 2.43485 0.435731 -0.19071
v 2.43484 0.430637 -0.19421
v 2.43483 0.424533 -0.19538
v 2.45332 0.424534 -0.19537
v 2.44916 0.418423 -0.19421
v 2.43482 0.418423 -0.19421
v 2.43482 0.413335 -0.19071
v 2.44569 0.413335 -0.19071
v 2.44334 0.409897 -0.18416
v 2.43481 0.4099 -0.18416
v 2.43481 0.4099 -0.16354
v 2.44334 0.409899 -0.16354
v 2.43482 0.413333 -0.157
v 2.44569 0.413335 -0.15699
v 2.44916 0.418424 -0.1535
v 2.45643 0.394297 -0.1393
v 2.45375 0.390181 -0.14
v 2.45184 0.387241 -0.14211
v 2.45069 0.38548 -0.14561
v 2.45031 0.385305 -0.15052
v 2.45031 0.386493 -0.18808
v 2.45081 0.387208 -0.19317
v 2.4523 0.389358 -0.1971
v 2.45479 0.392946 -0.19986
v 2.46801 0.409549 -0.20952
v 2.47183 0.415036 -0.2123
v 2.47476 0.419276 -0.21311
v 2.47998 0.426844 -0.21522
v 2.4858 0.435447 -0.21421
v 2.49055 0.44274 -0.21255
v 2.49452 0.449135 -0.20975
v 2.49803 0.454463 -0.20496
v 2.50087 0.458882 -0.19966
v 2.50359 0.464143 -0.19337
v 2.50572 0.468472 -0.18829
v 2.50672 0.470603 -0.18544
v 2.50705 0.471212 -0.18202
v 2.50706 0.471211 -0.14822
v 2.50668 0.470628 -0.14332
v 2.50552 0.468863 -0.13981
v 2.50399 0.466606 -0.14211
v 2.50361 0.465924 -0.13771
v 2.50208 0.463667 -0.14
v 2.50093 0.461816 -0.13701
v 2.4994 0.459552 -0.1393
v 2.47791 0.426501 -0.137
v 2.47792 0.426498 -0.1393
v 2.4549 0.392037 -0.137
v 2.45222 0.387927 -0.1377
v 2.4503 0.38499 -0.13981
v 2.44916 0.383227 -0.14331
v 2.44877 0.383053 -0.14822
v 2.44877 0.384238 -0.19037
v 2.44927 0.384959 -0.19544
v 2.45078 0.387132 -0.19931
v 2.45329 0.39075 -0.20198
v 2.46752 0.408828 -0.21173
v 2.47161 0.414732 -0.21455
v 2.47469 0.419187 -0.21539
v 2.47794 0.426783 -0.21521
v 2.48381 0.435394 -0.21421
v 2.48861 0.442705 -0.21254
v 2.49265 0.449108 -0.20975
v 2.49621 0.454433 -0.20497
v 2.49909 0.458842 -0.19967
v 2.50186 0.464124 -0.19337
v 2.504 0.46847 -0.1883
v 2.50504 0.470601 -0.18544
v 2.5054 0.471211 -0.18203
v 2.50541 0.47121 -0.14822
v 2.50499 0.470623 -0.14332
v 2.50373 0.468846 -0.13981
v 2.43471 0.470509 -0.14331
v 2.43472 0.471212 -0.14823
v 2.43472 0.471214 -0.18242
v 2.43471 0.470567 -0.18564
v 2.4347 0.468332 -0.18832
v 2.43467 0.463436 -0.19354
v 2.43463 0.457472 -0.20026
v 2.43458 0.453255 -0.2053
v 2.43451 0.448208 -0.20972
v 2.43444 0.441658 -0.21246
v 2.43433 0.434091 -0.21419
v 2.43421 0.425445 -0.21522
v 2.47265 0.419113 -0.21539
v 2.46959 0.414639 -0.21453
v 2.46552 0.408728 -0.21172
v 2.45147 0.390895 -0.20206
v 2.44901 0.387202 -0.19935
v 2.44758 0.384979 -0.19545
v 2.44712 0.384239 -0.19037
v 2.44712 0.38305 -0.14822
v 2.44747 0.383242 -0.14332
v 2.44854 0.385053 -0.13981
v 2.45039 0.388063 -0.13771
v 2.45308 0.392258 -0.137
v 2.476 0.426574 -0.13701
v 2.49892 0.461739 -0.137
v 2.50168 0.465887 -0.13771
v 2.43463 0.464901 -0.1377
v 2.43468 0.468411 -0.13981
v 2.43455 0.459994 -0.137
v 2.43406 0.426501 -0.13701
v 2.43356 0.393856 -0.137
v 2.43349 0.388945 -0.13771
v 2.43343 0.385441 -0.13981
v 2.4334 0.38334 -0.14332
v 2.43339 0.382638 -0.14822
v 2.4334 0.384239 -0.19037
v 2.43341 0.385084 -0.19552
v 2.43346 0.387628 -0.19961
v 2.43354 0.39187 -0.20265
v 2.43389 0.407138 -0.2114
v 2.434 0.413048 -0.21432
v 2.43408 0.417745 -0.21533
v 2.45332 0.424533 -0.15234
v 2.43484 0.424532 -0.15233
v 2.45748 0.43064 -0.1535
v 2.43484 0.430639 -0.1535
v 2.43483 0.418424 -0.1535
v 2.49006 0.441922 0.16916
v 2.48566 0.435211 0.17083
v 2.45748 0.430642 0.15313
v 2.4858 0.435447 0.17313
v 2.49055 0.44274 0.17147
v 2.49452 0.449135 0.16867
v 2.49362 0.447689 0.16649
v 2.49803 0.454463 0.16388
v 2.49679 0.452649 0.16202
v 2.50087 0.458882 0.15858
v 2.49941 0.456884 0.15703
v 2.50359 0.464143 0.15229
v 2.5021 0.462083 0.15084
v 2.50422 0.466324 0.14588
v 2.50572 0.468472 0.14721
v 2.5052 0.468372 0.14326
v 2.50672 0.470603 0.14436
v 2.50705 0.471212 0.14094
v 2.50552 0.468959 0.1406
v 2.50552 0.468958 0.10945
v 2.50706 0.471211 0.10714
v 2.50668 0.470628 0.10224
v 2.50514 0.46837 0.10453
v 2.50552 0.468863 0.0987299
v 2.50399 0.466606 0.10103
vt 0.748573 0.750412
vt 0.749279 0.501284
vt 0.999110 0.501077
vt 0.999455 0.750380
vt 0.250471 0.500702
vt 0.249682 0.749677
vt 0.001085 0.750380
vt 0.001517 0.499994
vt 0.499422 0.500239
vt 0.500149 0.750166
vt 0.748355 0.998230
vt 0.500193 0.998728
vt 0.498993 0.250415
vt 0.748953 0.250920
vn 0.000000 0.000000 -1.000000
vn -1.000000 -0.000000 -0.000000
vn -0.000000 -0.000000 1.000000
vn -0.000001 0.000000 1.000000
vn 1.000000 -0.000000 0.000000
vn 1.000000 0.000000 0.000001
vn 0.000000 1.000000 -0.000000
vn -0.000000 -1.000000 0.000000
usemtl Material_ray.png
s off
f 5/1/1 1/2/1 4/3/1
f 5/1/1 4/3/1 8/4/1
f 3/5/2 7/6/2 8/7/2
f 3/5/2 8/7/2 4/8/2
f 2/9/3 6/10/3 3/5/3
f 6/10/4 7/6/4 3/5/4
f 1/2/5 5/1/5 2/9/5
f 5/1/6 6/10/6 2/9/6
f 5/1/7 8/11/7 6/10/7
f 8/11/7 7/12/7 6/10/7
f 1/2/8 2/9/8 3/13/8
f 1/2/8 3/13/8 4/14/8